model_name,model_size_mb,temperature,top_p,max_tokens,task,scenario,backend,startup,ttft_sec,coldstart,batch_size,num_queries,total_generation_time_s,avg_gpu_mem_mb,peak_gpu_mem_mb,overhead_mb,avg_gpu_util_pct,peak_gpu_util_pct,avg_cpu_util_pct,peak_cpu_util_pct,avg_ram_mb,peak_ram_mb,avg_power_w,peak_power_w,total_energy_wh,avg_generation_time,avg_tokens_generated,avg_sentences_generated,avg_ATL,avg_GL,avg_TPS,avg_SPS,avg_energy_per_token,avg_energy_per_sentence,avg_subset_em,avg_document_f1,avg_field_em,avg_fuzzy_score
Qwen3-4B,7672.2490234375,0.7,0.8,128,vrdu_tesseract,batch,vllm,104.1608,0.0984,104.2592,60,500,187.646922,22604.94,22604.94,14932.69,91.67,100.0,1.3,14.91,2815.3,2826.8,68.68,74.35,3.5143477777777776,0.375294,19.638,1.238,0.023408,0.375294,52.4369,3.31926,1.607783,23.574225,0.068,0.57582,0.587267,0.785805
